5 2 1 0000F 00000000 0
21 4 3 00008 00000000 0
22 4 3 00009 00000000 0
23 4 3 0000A 00000000 0
24 4 3 0000B 00000000 0
25 4 3 0000C 00000000 0
26 4 3 0000D 00000000 0
27 4 3 0000E 00000000 0
28 4 3 0000F 00000064 0
31 2 1 00011 00000000 0
47 4 3 00010 00000000 0
48 4 3 00011 00000010 0
49 4 3 00012 00000020 0
50 4 3 00013 00000000 0
51 4 3 00014 00000000 0
52 4 3 00015 00000000 0
53 4 3 00016 00000000 0
54 4 3 00017 00000000 0
1167 2 2 00007 00000000 0
1183 4 3 00000 00000000 0
1184 4 3 00001 00000000 0
1185 4 3 00002 00000000 0
1186 4 3 00003 00000000 0
1187 4 3 00004 00000000 0
1188 4 3 00005 00000000 0
1189 4 3 00006 00000000 0
1190 4 3 00007 00000000 0
1605 3 1 00012 00000000 0
1606 2 3 00010 00000000 1
1607 2 3 00011 00000075 1
1608 2 3 00012 00000020 1
1609 2 3 00013 00000000 1
1610 2 3 00014 00000000 1
1611 2 3 00015 00000000 1
1612 2 3 00016 00000000 1
1613 2 3 00017 00000000 1
